1.72
1.77
1.51
1.68
1.57
1.55
1.54
1.57
1.55
1.53
1.56
1.50
1.56
1.51
1.51
1.55
1.67
1.56
1.61
1.53
1.63
1.56
1.56
1.51
1.54
1.53
1.59
1.55
1.53
1.51
1.57
1.61
1.54
1.60
1.53
1.51
1.58
1.56
1.63
1.57
1.53
1.54
1.49
1.56
1.57
1.57
1.50
1.50
1.51
1.53
1.56
1.52
1.64
1.62
1.72
1.52
1.58
1.57
1.68
1.56
1.54
1.53
1.65
1.53
1.52
1.58
1.66
1.61
1.51
1.66
1.55
1.53
1.54
1.56
1.60
1.52
1.53
1.60
1.59
1.56
1.52
1.55
1.56
1.53
1.51
1.50
1.54
1.50
1.66
1.54
1.71
1.51
1.65
1.52
1.55
1.67
1.86
1.63
1.56
1.52
