2.99
3.12
3.08
2.99
2.89
3.03
3.02
2.90
3.10
5.14
3.20
2.86
3.01
2.92
2.98
3.13
3.09
3.23
3.13
3.26
3.14
2.89
3.13
3.13
3.54
2.98
3.11
2.87
2.95
2.94
3.19
2.86
3.09
2.98
2.95
2.93
3.01
3.00
2.77
2.72
3.30
3.05
3.20
3.07
3.16
3.05
3.07
2.91
2.94
3.03
2.96
2.85
2.99
2.92
2.83
2.88
3.05
3.23
3.23
3.24
3.23
3.03
2.96
3.05
3.17
3.07
3.23
2.98
3.20
3.03
3.03
3.08
3.16
3.67
3.29
2.99
3.13
3.14
3.29
3.10
3.05
3.09
2.94
3.20
3.10
3.04
3.07
3.05
3.12
3.17
3.14
3.15
3.42
3.06
3.21
3.01
3.10
3.08
3.18
3.09
