12.06
14.38
13.76
14.12
14.48
13.97
13.50
14.01
14.10
14.54
14.07
13.95
14.05
13.91
12.78
13.50
14.78
14.43
11.36
14.15
12.75
14.51
12.98
14.38
14.01
13.69
14.11
13.34
13.06
14.09
14.46
15.69
14.17
14.03
14.37
13.51
10.77
14.08
13.66
13.05
14.00
13.90
11.90
14.55
12.58
14.14
11.03
14.09
12.05
14.00
13.99
14.74
14.25
14.14
14.33
12.58
13.85
14.32
14.13
14.28
14.13
14.43
13.83
13.92
14.42
14.43
11.85
14.28
14.43
14.37
13.75
14.43
13.83
13.81
14.26
14.24
14.01
12.24
12.80
14.06
14.20
14.41
14.54
14.25
14.12
14.24
14.19
13.88
14.53
14.73
13.99
17.93
14.38
14.11
14.33
14.48
14.14
14.05
14.16
14.18
