1.82
1.59
1.71
1.67
1.72
1.58
1.62
1.64
1.65
1.63
1.57
1.73
1.59
1.66
1.53
1.56
1.67
1.76
1.68
1.97
1.64
1.58
1.50
1.68
1.65
1.56
1.54
1.60
1.84
1.60
1.56
1.64
1.61
1.66
1.52
1.60
1.57
1.65
1.72
1.59
1.58
1.69
1.74
1.66
1.69
1.64
1.62
1.50
1.63
1.59
1.68
1.62
1.62
1.60
1.70
1.57
1.55
1.60
1.68
1.63
1.56
1.70
1.63
1.80
1.62
1.65
1.71
1.55
1.70
1.52
1.59
1.59
1.52
1.54
1.65
1.81
1.55
1.77
1.54
1.52
1.59
1.52
1.76
1.63
1.56
1.64
1.59
1.51
1.83
1.55
1.58
1.61
1.60
1.56
1.57
1.60
1.64
1.58
1.54
1.54
