3.40
3.26
3.14
3.36
3.32
2.90
3.29
3.30
3.42
3.43
3.47
3.44
2.96
3.38
3.08
3.48
2.94
3.05
3.16
3.10
3.30
3.36
3.13
3.18
3.26
3.09
3.57
3.13
3.47
3.11
3.21
3.21
3.12
3.44
2.98
2.98
3.58
3.24
3.25
3.65
3.58
3.46
3.07
3.40
3.31
3.13
3.19
3.29
3.44
2.90
3.38
2.91
2.82
3.29
3.22
3.53
3.40
3.18
3.25
3.53
3.06
3.35
3.42
3.36
3.32
3.29
2.90
3.34
3.32
3.71
4.20
3.45
3.18
3.19
3.13
3.42
3.72
2.99
3.09
3.49
3.34
3.41
3.46
3.19
3.11
3.11
3.29
4.16
2.92
3.20
2.94
3.24
3.28
3.38
3.40
3.29
3.43
3.26
3.23
2.90
