11.83
11.53
10.74
11.70
11.03
11.80
10.65
11.35
10.96
12.57
11.05
11.16
953.29
11.53
11.28
11.44
11.17
11.20
10.68
11.42
10.91
11.49
11.14
11.13
11.26
10.91
11.52
11.56
11.16
11.35
11.27
11.08
11.61
11.29
11.32
11.50
10.97
11.03
11.24
11.22
11.69
10.94
11.15
11.06
11.22
11.17
11.05
11.15
11.59
11.36
11.13
10.98
11.36
11.49
11.50
11.41
11.43
11.56
11.96
11.31
11.16
11.68
11.55
11.17
11.01
11.31
11.03
11.18
11.31
10.98
11.36
11.23
11.20
11.34
10.97
11.13
11.23
11.67
11.78
10.80
11.50
10.81
11.29
11.25
11.13
11.75
11.20
11.43
11.31
11.37
11.42
11.10
11.48
11.58
11.73
11.77
11.07
11.33
11.29
11.45
