3.08
3.04
3.05
3.06
3.15
3.16
3.28
3.04
3.30
3.43
3.03
3.14
3.33
3.24
3.08
3.11
3.14
3.15
3.22
3.17
3.11
3.13
3.16
3.14
3.39
3.27
3.04
3.11
3.13
2.90
3.10
3.33
3.22
3.12
3.05
3.13
3.38
3.11
3.19
3.16
3.16
3.13
3.20
3.14
3.59
3.24
3.23
3.30
3.21
3.08
3.16
2.89
3.14
3.31
3.09
2.96
3.28
3.07
3.06
3.16
3.27
3.18
3.17
3.13
3.08
3.13
3.59
3.82
3.09
3.10
5.03
3.15
3.21
3.83
3.16
3.35
3.12
3.29
3.07
3.24
3.24
3.24
3.37
3.10
3.26
3.32
3.34
3.18
3.07
3.07
3.16
3.32
3.26
3.15
3.21
3.09
3.15
3.20
3.98
3.16
