14.74
14.52
14.76
15.09
14.94
14.94
14.91
15.45
15.08
14.30
14.55
15.61
14.73
14.65
13.01
14.58
14.74
14.36
15.57
15.32
15.07
15.24
14.17
14.80
14.92
14.91
14.46
14.54
16.44
15.17
14.29
15.20
15.55
14.52
15.35
15.95
14.65
14.78
14.04
14.49
14.80
14.68
14.82
15.08
14.30
14.49
15.24
14.86
14.57
15.01
14.70
14.88
15.16
15.05
15.16
14.75
15.21
14.97
15.07
14.72
15.22
14.85
14.54
14.97
15.07
14.55
14.67
15.41
14.65
15.25
15.81
14.61
14.86
14.31
15.29
14.63
16.36
14.91
14.94
15.03
14.68
15.29
14.90
14.70
15.37
14.84
14.79
14.84
15.13
14.55
14.86
14.80
14.88
14.29
15.52
14.80
14.78
14.83
15.19
15.06
