1.69
1.63
1.71
1.65
1.58
1.84
1.54
1.56
1.53
1.64
1.51
1.53
1.54
1.62
2.07
1.55
1.51
1.52
1.53
1.49
1.90
1.52
1.52
1.54
1.55
1.55
1.54
1.49
1.61
1.50
1.64
1.57
1.63
1.62
1.52
1.50
1.55
1.66
1.55
1.52
1.61
1.60
1.66
1.52
1.56
1.77
1.56
1.50
1.57
1.61
1.48
1.57
1.57
1.57
1.56
1.52
1.60
1.73
1.60
1.55
1.52
1.52
2.06
1.61
1.50
1.59
1.55
1.58
1.74
1.75
1.53
1.59
1.52
1.59
1.53
1.56
1.85
1.65
1.53
1.60
1.66
1.69
1.58
1.55
1.59
1.62
1.55
1.63
1.92
1.56
1.50
1.58
1.54
1.65
1.82
1.64
1.50
1.54
1.54
1.55
