3.46
2.24
2.32
2.29
2.11
2.32
2.16
2.20
2.20
2.13
2.14
2.12
2.11
2.29
2.35
2.24
2.17
2.17
2.19
2.34
2.19
2.23
2.17
2.14
2.21
2.19
2.27
2.24
2.30
2.52
2.28
2.38
2.19
2.08
2.30
2.14
2.38
2.20
2.13
2.18
2.20
2.53
2.34
2.31
2.14
2.23
2.12
2.36
2.23
2.16
2.19
2.08
2.22
2.17
2.20
2.20
2.28
2.34
2.11
2.20
2.12
2.11
2.13
2.16
2.19
2.17
2.14
2.28
2.15
2.15
2.12
2.25
2.17
2.12
2.28
2.09
2.17
2.17
2.18
2.15
2.11
2.17
2.15
2.09
2.10
2.12
2.70
2.15
2.09
2.11
2.17
2.22
2.24
2.08
2.17
2.15
2.21
2.15
2.17
2.16
