3.57
3.51
3.52
3.55
3.43
3.46
3.94
3.96
3.34
3.43
3.50
3.46
3.42
3.31
3.51
3.23
3.42
3.20
3.46
3.63
3.41
3.58
3.44
3.59
3.32
3.48
3.38
3.63
3.56
3.74
3.25
3.28
3.34
3.68
3.23
3.50
3.43
3.26
3.39
3.43
3.25
3.27
3.56
3.61
3.47
3.23
3.13
3.48
3.25
3.41
3.19
3.18
3.46
3.44
3.53
3.46
3.44
3.56
3.37
3.23
3.21
3.56
3.49
3.45
3.66
3.69
3.55
3.50
3.29
3.28
3.42
3.26
3.58
3.64
3.49
3.52
3.47
3.87
3.73
3.53
3.22
3.74
3.53
3.56
3.17
3.29
3.23
3.20
3.51
3.17
3.37
3.18
3.52
3.52
3.24
3.62
3.51
3.43
3.45
3.54
