14.40
17.57
12.71
13.00
12.83
13.36
11.38
12.38
13.24
12.41
12.40
13.85
13.16
13.86
12.69
13.85
12.59
12.21
12.55
12.81
13.76
13.40
13.43
13.71
13.11
13.88
13.15
13.54
13.27
11.78
12.23
13.10
12.26
11.30
13.32
11.34
13.23
12.14
13.80
12.00
12.26
12.30
12.12
13.15
12.60
11.93
13.04
11.46
13.41
13.70
12.80
13.48
11.47
12.52
13.22
11.86
13.20
12.74
12.40
13.16
11.48
11.43
12.92
11.95
12.57
13.28
12.40
12.85
12.30
12.53
12.32
12.83
12.01
13.11
12.92
13.04
12.38
13.11
11.89
11.75
13.03
13.62
13.86
12.72
13.48
13.20
13.79
12.21
13.41
14.45
12.08
12.65
13.33
11.55
13.23
12.32
13.70
12.34
13.36
14.84
