3.58
3.88
3.51
3.48
3.63
3.54
4.13
3.31
3.56
3.73
3.59
3.61
3.59
3.56
3.46
3.44
3.71
3.48
3.75
3.49
3.72
3.71
3.80
3.65
3.57
3.45
3.58
3.55
3.28
3.42
3.38
3.66
3.38
3.57
3.53
3.51
3.60
3.46
3.39
3.47
3.55
3.50
3.54
3.19
3.39
3.61
3.50
3.53
3.65
3.69
3.54
3.48
3.49
3.49
3.49
3.50
3.57
4.56
3.54
3.38
3.49
3.46
3.44
3.50
3.63
3.39
3.49
3.54
3.48
4.08
3.54
3.51
3.53
4.05
3.59
3.51
3.45
3.64
3.48
3.46
3.51
3.46
3.70
3.59
3.46
3.52
3.53
3.48
3.52
3.36
3.82
3.37
3.46
3.50
3.58
3.42
3.51
3.59
3.48
3.55
