3.76
2.69
2.27
2.24
2.51
2.44
2.24
2.24
2.19
2.23
2.56
2.20
2.21
2.20
2.28
2.24
2.23
2.31
2.25
2.18
2.26
2.24
2.18
2.46
2.20
2.17
2.19
2.19
2.26
2.29
2.19
2.25
2.24
2.16
2.23
2.22
2.23
2.29
2.22
2.20
2.25
2.18
2.28
2.20
2.31
2.24
2.21
2.25
2.22
2.19
2.22
2.21
2.22
2.22
2.23
2.21
2.23
2.33
2.22
2.25
2.21
2.17
2.16
2.18
2.21
2.21
2.21
2.22
2.32
2.21
2.20
2.38
2.27
2.24
2.19
2.21
2.25
3.26
2.18
2.21
2.22
2.28
2.21
2.19
2.30
2.28
2.28
2.31
2.21
2.46
2.22
2.26
2.22
2.19
2.22
2.23
2.20
2.39
2.31
2.23
