13.64
13.28
13.39
13.19
13.25
12.17
13.07
13.11
12.98
13.91
14.03
13.86
13.78
13.49
13.48
13.84
13.53
13.62
13.15
13.22
13.53
13.23
13.59
14.27
13.84
13.49
13.19
13.94
13.96
13.83
13.18
12.94
13.13
13.51
13.01
13.20
12.84
13.17
13.34
13.42
13.80
13.88
14.05
13.79
13.48
13.90
13.47
13.85
14.10
13.53
13.74
13.92
13.05
13.63
13.67
13.70
13.35
13.74
13.81
13.72
14.79
13.51
14.21
13.92
13.47
14.46
13.66
13.73
14.17
14.12
13.31
13.72
13.22
13.79
13.87
14.10
13.69
14.13
13.72
14.36
13.76
14.20
14.10
13.84
14.04
14.26
14.30
14.45
13.75
13.76
13.44
13.93
14.52
13.58
14.50
13.96
14.03
13.76
13.73
14.39
