4.43
3.93
3.66
3.95
3.55
3.71
3.77
3.91
3.48
3.37
3.88
3.64
3.88
3.86
3.79
3.88
3.44
3.85
3.84
3.80
3.92
4.08
3.77
4.12
3.85
3.45
3.82
3.69
3.43
3.50
4.08
3.91
3.99
3.42
4.00
3.85
3.51
3.80
3.83
4.12
3.46
3.77
3.82
3.78
3.88
3.35
3.93
3.86
3.75
3.93
3.88
3.87
3.91
3.45
3.69
3.71
4.22
3.94
3.95
3.86
4.31
3.54
3.90
3.74
3.58
3.44
3.77
3.83
3.81
3.94
3.47
3.70
4.10
3.72
3.72
4.08
3.70
3.83
3.56
3.74
4.02
4.03
4.05
3.99
3.47
3.81
3.82
3.52
3.98
3.91
3.77
3.94
3.68
3.74
3.55
3.48
4.18
3.97
4.13
3.67
