2.87
2.68
2.55
2.51
2.47
2.49
2.48
2.42
2.48
2.49
2.49
2.51
2.45
2.46
2.47
2.57
2.42
2.68
2.47
2.46
2.42
2.38
2.51
2.48
2.50
2.41
2.47
2.49
2.44
2.67
2.49
2.53
2.44
2.49
2.45
2.52
2.49
2.44
2.60
2.61
2.45
2.49
2.62
2.47
2.53
2.47
2.61
2.65
2.51
2.52
2.43
2.52
2.41
2.50
2.71
2.45
2.38
2.42
2.45
2.42
2.49
2.49
2.45
2.54
2.44
2.49
2.55
2.49
2.42
2.57
2.49
2.46
2.56
2.51
2.48
2.56
2.48
2.59
2.51
2.42
2.47
2.53
2.47
2.53
2.48
2.41
2.48
2.50
2.39
2.54
2.45
2.45
2.55
2.41
2.52
2.56
2.32
2.45
2.49
2.59
