8.78
10.31
9.98
9.61
10.29
9.60
9.59
8.81
8.63
8.56
8.99
8.65
7.76
9.20
8.78
9.11
9.77
9.12
8.89
8.93
9.40
9.51
9.24
9.53
9.22
9.13
8.38
9.21
9.55
9.15
8.72
9.07
8.87
8.85
8.86
9.58
9.06
8.97
9.10
9.48
9.17
9.06
9.02
9.03
9.47
9.09
8.96
8.95
9.10
9.47
8.89
9.04
9.40
8.85
9.43
8.66
9.11
9.77
8.55
8.58
9.22
9.46
9.69
9.01
9.47
8.96
8.85
9.20
8.80
11.76
8.99
8.83
8.82
9.42
8.94
8.93
9.20
8.50
8.51
8.81
8.70
8.77
9.08
9.25
8.79
8.71
8.83
9.35
8.36
9.29
10.08
9.30
8.72
8.44
9.68
9.02
8.94
8.85
8.43
8.54
