2.31
2.32
2.25
2.25
0.01
2.60
2.31
2.25
2.21
2.25
2.24
2.19
2.33
2.29
2.15
2.56
2.35
2.41
2.21
2.22
2.17
2.20
2.27
2.23
2.21
2.25
2.17
2.18
2.31
2.20
2.38
2.21
2.25
2.28
2.24
2.17
2.15
2.28
2.25
2.21
2.31
2.29
2.23
2.23
2.35
2.42
2.23
2.39
2.27
2.16
2.20
2.23
2.47
2.18
2.54
2.37
2.20
2.36
12.46
2.22
2.41
2.19
2.36
2.38
2.20
2.24
2.43
2.30
2.37
2.24
2.27
2.27
2.25
2.23
2.21
2.31
2.20
2.23
2.26
2.36
2.44
2.25
2.21
6.68
2.25
2.21
2.28
2.33
2.35
2.17
2.35
2.32
2.37
2.24
2.23
2.31
2.25
2.26
2.30
2.19
