13.39
13.03
12.79
15.13
13.83
13.59
13.02
13.62
14.41
12.36
13.39
11.53
13.16
13.38
13.24
12.87
12.56
13.92
13.44
13.97
12.32
13.30
12.26
14.49
14.11
13.34
13.78
13.57
12.99
14.30
11.78
12.80
13.54
11.51
13.22
13.82
13.20
13.26
13.81
11.52
14.62
13.75
12.28
13.87
13.32
13.81
14.14
13.67
13.10
13.22
13.42
13.73
12.55
13.64
12.60
13.66
12.26
11.49
13.53
12.90
13.51
14.10
12.85
14.35
13.56
13.38
14.20
11.73
13.25
13.71
14.22
13.43
14.02
13.36
14.00
13.61
13.47
13.69
13.90
11.50
13.43
13.25
12.40
14.22
14.67
13.69
13.86
13.87
14.11
13.82
14.04
49.58
14.34
14.17
13.94
13.08
12.99
12.78
14.27
14.58
