3.72
3.50
3.66
3.59
3.65
3.61
3.60
3.74
3.47
3.62
3.57
3.65
3.53
3.53
3.58
3.44
3.29
3.75
3.40
3.37
3.57
3.63
3.33
3.83
3.67
3.56
3.45
3.64
3.41
3.70
3.64
3.89
3.45
3.61
3.51
3.50
3.52
3.47
3.51
3.74
3.47
3.86
3.49
3.59
3.22
3.79
3.56
3.82
3.71
3.17
3.62
3.18
3.20
3.54
3.14
3.58
3.58
3.17
3.50
3.45
3.20
3.22
3.20
3.58
3.18
3.18
3.55
3.19
3.62
3.70
3.47
3.70
3.16
3.49
3.51
3.49
3.68
3.41
3.18
3.18
3.72
3.52
3.50
3.18
3.49
3.65
3.56
3.15
3.20
3.74
3.18
3.24
3.68
3.18
3.61
3.64
3.43
3.24
3.66
3.42
