1.64
1.78
1.62
1.72
1.64
1.76
1.76
1.66
1.69
1.70
1.80
2.05
1.66
1.58
1.65
1.59
1.53
1.69
1.71
1.73
1.60
1.59
1.79
1.67
1.73
1.68
1.59
1.79
1.81
1.82
1.63
1.59
1.60
1.75
1.72
1.81
1.75
1.62
1.92
1.78
1.70
1.64
1.62
1.75
1.72
1.94
1.58
1.65
1.61
1.61
1.70
1.67
1.73
1.62
1.65
1.69
1.64
1.52
2.05
1.63
1.70
1.81
1.73
1.53
1.71
1.72
1.78
1.73
1.98
1.79
1.64
6.79
1.63
1.89
1.71
1.83
1.69
1.73
1.72
1.68
1.98
1.57
1.59
1.67
1.63
1.72
1.53
1.78
2.07
2.02
1.60
1.83
1.65
1.66
1.68
1.57
1.55
1.72
1.82
1.77
