2.39
2.77
2.43
2.48
3.65
2.19
2.21
2.52
2.20
2.56
2.57
2.27
2.44
2.60
2.61
2.65
2.54
2.24
2.58
2.35
2.46
2.56
2.49
2.41
2.57
2.58
2.42
2.37
2.43
2.47
2.43
2.34
2.36
2.44
2.54
2.42
3.19
2.52
2.15
2.30
2.54
2.49
2.52
2.60
2.38
2.39
2.49
2.48
2.59
2.27
2.32
2.45
2.66
2.59
2.37
2.38
2.44
2.67
2.43
2.43
2.60
2.46
2.25
2.50
2.54
2.44
2.24
2.68
2.20
2.44
2.60
2.43
2.28
2.52
2.33
2.45
2.43
2.53
2.45
2.45
2.30
2.50
2.42
2.23
2.47
2.41
2.22
2.66
2.56
2.76
2.41
2.16
2.47
2.31
2.70
2.56
2.46
2.60
2.39
3.36
