9.23
11.08
10.74
10.04
11.09
9.90
11.71
10.51
10.96
10.27
10.74
10.46
10.38
9.99
11.22
9.22
10.63
10.27
10.72
9.59
11.25
10.10
10.84
10.49
10.81
11.45
10.42
10.28
10.49
10.80
10.15
9.91
9.32
11.04
15.43
9.01
8.96
10.86
11.90
9.86
10.32
10.66
10.65
11.27
9.77
11.24
11.51
9.75
10.64
10.87
9.37
10.64
10.86
10.61
9.63
9.85
9.92
10.80
10.10
10.33
10.66
9.58
11.94
11.03
9.64
11.02
10.60
9.90
11.86
10.50
10.07
10.85
10.25
10.67
10.77
11.11
10.62
10.48
10.53
10.48
10.45
10.40
9.52
11.37
10.77
12.87
10.22
9.90
10.16
10.77
10.79
11.03
10.34
10.91
10.58
10.22
10.25
9.80
9.73
11.17
