14.88
15.43
13.79
14.40
14.06
11.20
12.80
12.86
13.94
14.36
14.19
12.52
14.12
14.25
12.85
13.92
12.77
14.70
14.26
14.87
14.40
13.29
15.07
12.35
13.63
12.89
12.28
13.96
12.36
13.57
12.57
14.88
13.86
11.75
15.21
13.11
13.96
11.80
13.19
14.49
12.54
14.03
14.49
14.76
15.89
15.08
14.24
15.93
10.81
14.11
14.32
15.01
13.44
14.42
15.44
13.82
14.61
13.22
12.72
13.81
13.74
15.09
11.66
14.77
14.40
14.49
14.16
12.90
14.50
14.13
14.48
12.74
15.00
12.60
14.50
12.79
14.71
14.63
12.32
14.44
14.97
14.61
14.92
14.20
15.76
13.70
14.55
14.47
14.12
14.18
14.86
14.19
13.48
15.14
14.13
14.83
13.00
14.64
14.31
14.96
