3.01
3.03
2.93
2.89
3.02
3.12
2.95
2.73
3.11
2.98
2.94
3.29
3.07
2.96
3.03
3.08
3.05
3.16
3.18
3.54
3.14
3.15
3.31
3.09
3.09
3.11
3.17
3.16
3.00
3.01
3.06
3.02
2.99
3.14
3.18
3.07
3.06
3.00
3.11
3.08
3.04
3.25
2.90
3.14
3.03
2.79
3.27
3.09
3.05
3.14
3.11
2.98
3.11
3.00
2.92
3.08
3.21
3.17
3.18
3.17
3.76
3.12
2.60
3.06
2.93
2.97
3.10
2.83
2.85
3.11
3.31
3.04
2.97
3.22
3.08
3.12
3.01
3.08
3.09
3.07
3.05
3.03
2.99
3.15
3.15
2.94
3.44
2.86
3.15
3.05
2.89
2.99
2.99
2.98
3.33
2.93
2.96
3.00
3.05
3.24
