1.72
1.63
1.78
1.66
1.68
1.68
1.57
1.57
1.60
1.58
1.72
1.65
1.61
1.66
1.59
1.60
1.67
1.57
1.76
1.59
1.64
1.57
1.59
1.63
1.58
1.61
1.56
1.61
1.63
1.55
1.53
2.07
1.58
1.63
1.77
1.58
1.64
1.56
1.54
1.65
1.58
1.54
1.58
1.52
1.65
1.54
1.55
1.53
1.59
1.69
1.49
1.56
1.52
1.64
1.57
1.63
1.56
1.64
1.84
1.69
1.60
1.84
1.69
1.53
1.74
1.72
1.64
1.74
1.69
1.50
1.84
1.62
1.62
2.01
1.83
1.95
1.54
1.51
1.59
1.54
1.64
1.49
1.55
1.53
1.58
1.80
1.70
1.52
1.53
1.54
1.53
1.52
1.61
1.55
1.63
1.63
1.55
1.60
1.57
1.62
